# List of parameters used for this run.
n_cont= 20
sigma_noise= 5.67
sigma_cut= 22.68
sigma_tail= 11.34
len_min= 50
abnormal_f= 5000
abnormal_x= 5000
dx_interp= 1
l_p= 0.4
F_min= 30
F_max= 500
lim_p_max= 0.01
peak_width= 75
bin_width= 8
score_threshold= 0.5
delta1= 0.002
delta2= 0.8
F_scoring= 22.68
peaks_diff= 10000
len_diff= 0.2
Npeaks_min= 1
Npeaks_max= 100000
kNN= 6
r_cut= 0.3
Total number of traces passing the quality filter= 261
#COL2 	 Trace number
#COL3 	 Length [nm]
#COL4 	 Quality score
#COL5 	 Number of peaks
#COL6 	 Cluster number (=0 if COL6>r_cut)
#COL7 	 Cluster number without filters
#COL8 	 Distance from cluster center
tr 1	227	213.711	6	0	3	5
tr 2	232	205.705	6	0	2	0.465444
tr 3	237	171	4	0	3	5
tr 4	231	172.255	4	2	2	0.288262
tr 6	207	153.33	5	4	4	0.243789
tr 8	236	120.351	4	2	2	0.293581
tr 10	229	193	4	5	5	0
tr 12	227	162.001	5	2	2	0.216229
tr 13	252	192	5	0	3	5
tr 14	197	113	2	0	4	0.413677
tr 15	277	171.982	5	0	14	0.408314
tr 16	246	208.614	5	0	3	5
tr 17	264	197.798	6	0	3	5
tr 18	234	186.684	5	2	2	0.206334
tr 19	215	163.309	5	4	4	0
tr 20	242	182.142	5	2	2	0.275368
tr 22	236	176.255	5	0	3	5
tr 24	267	158.027	4	0	3	5
tr 25	283	186.834	4	14	14	0.293747
tr 26	276	209.24	7	14	14	0.240277
tr 27	275	248.323	6	0	14	0.315556
tr 28	230	188.834	5	2	2	0.251044
tr 29	268	210.849	6	0	7	0.309018
tr 30	226	168.741	6	0	2	0.421625
tr 31	233	194.78	7	13	13	0
tr 32	241	150	3	0	3	5
tr 33	214	115.081	3	0	2	0.416133
tr 34	252	165.047	5	10	10	0
tr 35	244	148.893	3	0	3	5
tr 38	255	183.023	5	0	3	5
tr 40	242	140.079	5	2	2	0.291116
tr 42	270	171.249	5	0	3	5
tr 43	218	197	5	0	2	0.313605
tr 44	259	235.91	6	0	3	5
tr 47	246	163	3	0	3	5
tr 48	237	119	2	2	2	0.187297
tr 50	243	233.569	8	0	2	0.362218
tr 51	223	145	4	0	2	0.316012
tr 52	230	162.87	6	0	2	0.41944
tr 53	237	126.081	5	2	2	0.281753
tr 54	217	180	5	2	2	0.268345
tr 55	237	126	3	2	2	0.167678
tr 56	246	185.592	6	0	3	5
tr 58	266	152.904	4	8	8	0
tr 59	241	214	5	0	3	5
tr 61	235	139	4	2	2	0.212216
tr 62	241	233	6	2	2	0.245029
tr 63	242	174.532	6	2	2	0.250588
tr 65	286	247.007	5	14	14	0.273322
tr 66	191	101.487	2	0	4	0.3439
tr 67	255	149.541	4	0	2	0.334194
tr 68	255	149	3	11	11	0
tr 69	220	169	4	0	2	0.278084
tr 70	237	210.932	6	0	3	5
tr 71	270	190.294	6	0	3	5
tr 72	245	143.829	4	12	12	0
tr 74	258	183.282	6	7	7	0
tr 75	235	122.648	4	2	2	0
tr 78	266	163.465	4	0	3	5
tr 80	234	136.946	4	2	2	0.245056
tr 81	264	148.171	3	0	3	5
tr 84	288	180.87	4	0	3	5
tr 85	251	134.605	3	0	3	5
tr 86	237	156.005	5	0	2	0.309111
tr 87	259	197.348	5	12	12	0.292755
tr 88	226	167	5	0	2	0.310584
tr 89	261	157.921	4	0	3	5
tr 92	276	153.825	3	14	14	0
tr 93	234	195.395	7	0	3	5
tr 94	229	128.471	3	0	2	0.286368
tr 95	256	150	2	0	14	0.326471
tr 96	247	164.624	4	12	12	0.245062
tr 97	260	217.938	8	0	12	0.401578
tr 98	230	117	2	2	2	0.269849
tr 101	232	154.623	5	0	2	0.350074
tr 102	112	79.8107	3	1	1	0.240443
tr 103	110	103.365	5	1	1	0.196017
tr 104	110	99.5323	5	1	1	0.158591
tr 105	104	95.87	3	0	9	0.330752
tr 106	113	105.488	5	1	1	0.160324
tr 107	116	103.079	5	0	1	0.400277
tr 108	115	110.688	3	0	1	0.375253
tr 109	107	57.4068	4	17	17	0.202564
tr 110	111	86.6652	3	1	1	0.192448
tr 113	113	100.272	5	0	1	0.336234
tr 114	112	103.504	5	1	1	0.198034
tr 115	114	97.5595	5	1	1	0.207814
tr 116	116	81.4338	4	17	17	0
tr 117	111	100.272	5	17	17	0.252145
tr 119	101	83.0724	4	0	1	0.251934
tr 120	105	92.6285	4	0	1	0.321523
tr 121	111	97.1836	5	1	1	0
tr 124	111	102.341	5	1	1	0.16314
tr 127	73	57.5125	2	0	9	5
tr 128	109	80.753	5	1	1	0.196662
tr 131	105	88.4501	4	1	1	0.278588
tr 132	108	93.8087	4	16	16	0
tr 134	110	95.6182	4	0	1	0.239305
tr 136	72	63.767	2	0	9	5
tr 138	60	50.1359	1	0	9	5
tr 139	82	67.3278	3	0	9	5
tr 140	133	71.1488	3	0	6	0.669401
tr 141	111	105.256	4	0	9	0.545481
tr 142	105	103.782	4	0	9	0.384033
tr 143	133	118.452	4	6	6	0.257177
tr 144	127	101.305	5	0	6	0.492312
tr 145	124	106.851	3	0	3	0.587387
tr 146	136	95.3539	2	0	6	0.452024
tr 147	142	88.9471	3	0	6	0.541382
tr 148	134	120.939	3	6	6	0
tr 149	134	92.321	3	6	6	0.298215
tr 150	141	125	4	0	6	0.430776
tr 151	109	67	2	0	9	0.32523
tr 152	113	89.7571	3	0	9	0.60663
tr 153	119	101.491	2	3	3	0.232421
tr 154	132	126.372	4	6	6	0.296352
tr 155	121	105.531	4	0	9	0.54062
tr 156	122	92	2	0	3	0.449467
tr 157	127	86.3796	4	0	6	0.451067
tr 158	114	86.9208	4	0	9	0.552141
tr 159	105	101	2	9	9	0.213595
tr 160	105	82.9188	3	9	9	0
tr 161	126	90.1267	7	0	9	0.779024
tr 162	142	99.7745	4	0	6	0.355172
tr 165	121	95.5151	5	0	6	0.421009
tr 166	133	98.4157	2	6	6	0.288759
tr 167	109	74.7676	5	0	9	0.684197
tr 168	101	86.6825	5	0	9	0.548197
tr 169	108	84.795	4	0	9	0.618939
tr 170	137	126.502	4	0	6	0.497377
tr 171	115	76.9735	3	0	9	0.702655
tr 172	132	86.2798	7	0	6	0.455386
tr 173	79	56.4662	2	0	9	5
tr 174	121	101.426	2	0	3	0.40563
tr 176	115	97.0634	6	0	9	0.574897
tr 177	115	88.5268	2	3	3	0.238392
tr 178	143	100.537	3	0	6	0.350497
tr 179	115	100.794	3	0	3	0.606112
tr 181	71	58	2	0	9	5
tr 183	127	119.6	4	0	6	0.553805
tr 184	125	124	3	0	6	0.520739
tr 185	132	89.7196	3	0	3	0.406164
tr 186	139	102.132	6	0	6	0.492874
tr 187	117	86.5398	4	0	3	0.421017
tr 188	106	96.3812	5	0	9	0.806939
tr 189	127	94	2	6	6	0.267493
tr 190	126	116.263	4	0	6	0.602868
tr 191	92	62.3625	3	0	9	0.507038
tr 192	120	99.1503	4	0	3	0.304382
tr 193	125	115.111	3	3	3	0.207369
tr 194	113	60.0025	3	0	9	0.383582
tr 195	117	80	2	3	3	0.204759
tr 197	126	84.4917	3	0	6	0.376798
tr 198	107	107	2	9	9	0.229551
tr 199	124	78.4455	5	0	3	0.472307
tr 200	114	79.9216	3	0	3	0.610226
tr 201	137	112.485	4	0	3	0.748366
tr 202	78	78	2	0	9	5
tr 203	114	106	2	3	3	0.246847
tr 204	109	59.8386	3	18	18	0
tr 205	130	95.378	4	3	3	0.236568
tr 208	111	101.953	5	0	9	0.451738
tr 209	119	108	2	0	6	0.593744
tr 211	126	86.474	2	3	3	0.183248
tr 212	115	108.423	3	0	3	0.332491
tr 213	109	105.962	4	0	3	0.679911
tr 214	124	95.4728	3	0	3	0.4787
tr 215	130	112.368	2	3	3	0.245341
tr 216	145	130.676	3	0	3	0.480398
tr 217	133	111.395	5	0	6	0.496325
tr 218	75	49	2	0	9	5
tr 219	131	121.419	3	0	3	0.352677
tr 221	135	94.6682	3	6	6	0.262853
tr 222	122	81.9183	2	3	3	0
tr 223	108	92.6454	3	0	3	0.456749
tr 224	121	121	2	3	3	0.261536
tr 225	137	118.393	3	0	6	0.332398
tr 226	121	104.425	3	0	3	0.306516
tr 227	116	108	2	0	3	0.345085
tr 228	111	111	4	0	3	0.465972
tr 229	122	71.4515	2	0	3	0.957092
tr 230	140	97.9292	2	0	3	0.895383
tr 231	84	57.1423	3	0	9	0.537052
tr 232	105	105	3	0	9	0.612576
tr 233	123	86.4533	3	3	3	0.226366
tr 234	106	77.5174	3	0	9	0.554129
tr 235	110	79.8521	3	0	6	0.593724
tr 236	137	127.36	4	0	6	0.453235
tr 237	135	114.357	4	6	6	0.266619
tr 238	103	82.5285	3	9	9	0.299096
tr 239	132	127.245	4	6	6	0.243434
tr 240	120	120	3	0	3	0.525646
tr 241	124	83.8373	4	0	3	0.342232
tr 242	142	121.385	5	0	3	0.628558
tr 243	127	88.0001	2	0	6	0.475679
tr 244	120	88.088	5	0	6	0.833929
tr 245	87	76	2	0	9	0.54015
tr 247	120	75.7316	2	3	3	0.216735
tr 248	113	112.506	3	0	9	0.366988
tr 249	126	108	2	15	15	0
tr 250	117	91.6494	2	0	3	0.382873
tr 251	132	81.3647	4	0	3	0.759756
tr 252	114	70.1217	4	0	3	0.595921
tr 253	126	91.12	4	0	6	0.506754
tr 254	115	93.5044	5	0	9	1.13718
tr 256	120	84.8742	4	0	6	0.490358
tr 257	73	45	1	0	9	5
tr 258	106	80.657	2	9	9	0.202041
tr 259	128	101.853	3	0	6	0.338255
tr 260	116	116	2	9	9	0.258476
tr 261	114	60.1613	2	18	18	0.287411
tr 262	116	95	2	3	3	0.220512
tr 263	109	66.9093	2	9	9	0.202659
tr 264	145	121	2	0	6	0.456881
tr 265	135	85	2	0	3	0.506327
tr 266	128	117.411	2	3	3	0.21718
tr 267	117	84.7075	2	0	6	0.466996
tr 268	127	88	2	0	9	0.427116
tr 269	118	72.4328	3	0	9	0.49488
tr 271	64	62	2	0	6	5
tr 272	74	72.5613	2	0	6	5
tr 273	83	60.3318	4	0	6	5
tr 274	75	55.1592	3	0	6	5
tr 276	80	49.1825	3	0	6	5
tr 277	83	45.8468	3	0	6	5
tr 278	72	53.6946	3	0	6	5
tr 279	83	78.5617	3	0	6	5
tr 280	75	38.6641	4	0	6	5
tr 281	67	44.1332	3	0	6	5
tr 282	78	48.825	3	0	6	5
tr 283	69	53.367	3	0	6	5
tr 284	67	66.5429	2	0	6	5
tr 285	82	76.3896	3	0	6	5
tr 286	79	73.3664	3	0	6	5
tr 287	73	72.6373	2	0	6	5
tr 288	88	65.0411	2	0	6	5
tr 289	69	52.8026	4	0	6	5
tr 290	94	88.3148	3	0	6	5
tr 291	85	59.9347	4	0	6	5
tr 292	93	63.2288	3	0	6	5
tr 293	77	67.841	3	0	6	5
tr 294	86	68.1522	4	0	6	5
tr 295	81	57.8466	5	0	6	5
tr 296	85	52.7949	5	0	6	5
tr 297	93	71.959	4	0	6	5
tr 298	82	54.4204	4	0	6	5
tr 299	74	55.8581	2	0	6	5
tr 300	78	76.4367	2	0	6	5
tr 301	72	53.9646	3	0	6	5
tr 302	69	63.8538	3	0	6	5
tr 303	65	61.648	2	0	6	5
tr 304	76	50.5658	3	0	6	5
tr 305	70	51.5086	2	0	6	5
tr 306	75	75	2	0	6	5
tr 307	86	71.4443	2	0	6	5
tr 308	72	42.6822	2	0	6	5
tr 309	61	45.0744	3	0	6	5
tr 310	79	73.3552	3	0	6	5
tr 311	72	72	2	0	6	5
tr 312	86	66.5815	4	0	6	5
tr 313	59	59	2	0	6	5
# Clusters
Total number of clusters: 18
 cluster 1 center: 75 size= 17 members: 75 55 48 18 61 12 62 80 63 28 54 98 20 53 4 40 8 
 cluster 2 center: 222 size= 14 members: 222 211 195 193 247 266 262 233 153 205 177 215 203 224 
 cluster 3 center: 121 size= 11 members: 121 104 106 124 110 103 128 114 115 102 131 
 cluster 4 center: 148 size= 9 members: 148 239 143 221 237 189 166 154 149 
 cluster 5 center: 160 size= 7 members: 160 258 263 159 198 260 238 
